0	501.75
0.01	1339.875
0.02	1818.0
0.03	1893.3333333333333
0.04	1.90e+03
0.05	1.90e+03
0.06	1.90e+03
0.07	1.91e+03
0.08	1.91e+03
0.09	1.91e+03
0.1	1.91e+03
0.11	1913.3333333333333
0.12	1.92e+03
0.13	1.92e+03
0.14	1.92e+03
0.15	1.92e+03
0.16	1.925e+03
0.17	1.93e+03
0.18	1.93e+03
0.19	1.93e+03
0.2	1.93e+03
0.21	1.94e+03
0.22	1.94e+03
0.23	1.94e+03
0.24	1.94e+03
0.25	1946.6666666666666
0.26	1.95e+03
0.27	1.95e+03
0.28	1.95e+03
0.29	1.955e+03
0.3	1.96e+03
0.31	1.96e+03
0.32	1.96e+03
0.33	1.96e+03
0.34	1.965e+03
0.35	1.97e+03
0.36	1.97e+03
0.37	1.97e+03
0.38	1.97e+03
0.39	1.98e+03
0.4	1.98e+03
0.41	1.98e+03
0.42	1.98e+03
0.43	1.99e+03
0.44	1.99e+03
0.45	1.99e+03
0.46	1.99e+03
0.47	1.995e+03
0.48	2.00e+03
0.49	2.00e+03
0.5	2.00e+03
0.51	2.00e+03
0.52	2.01e+03
0.53	2.01e+03
0.54	2.01e+03
0.55	2.01e+03
0.56	2.015e+03
0.57	2.02e+03
0.58	2.02e+03
0.59	2.02e+03
0.6	2.025e+03
0.61	2.03e+03
0.62	2.03e+03
0.63	2.03e+03
0.64	2.03e+03
0.65	2.03e+03
0.66	2.03e+03
0.67	2.03e+03
0.68	2.03e+03
0.69	2.03e+03
0.7	2.03e+03
0.71	2.03e+03
0.72	2.03e+03
0.73	2.03e+03
0.74	2.03e+03
0.75	2.03e+03
0.76	2.03e+03
0.77	2.03e+03
0.78	2.03e+03
0.79	2.03e+03
0.8	2.03e+03
0.81	2.03e+03
0.82	2.03e+03
0.83	2.03e+03
0.84	2.03e+03
0.85	2.03e+03
0.86	2.03e+03
0.87	2.03e+03
0.88	2.03e+03
0.89	2.03e+03
0.9	2.03e+03
0.91	2.03e+03
0.92	2.03e+03
0.93	2.03e+03
0.94	2.03e+03
0.95	2.03e+03
0.96	2.03e+03
0.97	2.03e+03
0.98	2.03e+03
0.99	2.03e+03
1	2.03e+03
1.01	2.03e+03
1.02	2.03e+03
1.03	2.03e+03
1.04	2.03e+03
1.05	2.03e+03
1.06	2.03e+03
1.07	2.03e+03
1.08	2.03e+03
1.09	2.03e+03
1.1	2.03e+03
1.11	2.03e+03
1.12	2.03e+03
1.13	2.04e+03
1.14	2.04e+03
1.15	2.04e+03
1.16	2.04e+03
1.17	2.04e+03
1.18	2.04e+03
1.19	2.04e+03
1.2	2.04e+03
1.21	2.04e+03
1.22	2.04e+03
1.23	2.04e+03
1.24	2.04e+03
1.25	2.04e+03
1.26	2.04e+03
1.27	2.04e+03
1.28	2.04e+03
1.29	2.04e+03
1.3	2.04e+03
1.31	2.04e+03
1.32	2.04e+03
1.33	2.04e+03
1.34	2.04e+03
1.35	2.04e+03
1.36	2.04e+03
1.37	2.04e+03
1.38	2.04e+03
1.39	2.04e+03
1.4	2.04e+03
1.41	2.04e+03
1.42	2.04e+03
1.43	2.04e+03
1.44	2.04e+03
1.46	2.04e+03
1.47	2.04e+03
1.48	2.04e+03
1.49	2.04e+03
1.5	2.04e+03
1.51	2.04e+03
1.52	2.04e+03
1.53	2.04e+03
1.54	2.04e+03
1.56	2.04e+03
1.57	2.04e+03
1.58	2.04e+03
1.59	2.04e+03
1.6	2.04e+03
1.61	2.04e+03
1.63	2.04e+03
1.64	2.04e+03
1.65	2.04e+03
1.66	2.04e+03
1.67	2.04e+03
1.69	2.04e+03
1.7	2.04e+03
1.71	2.04e+03
1.72	2.04e+03
1.73	2.04e+03
1.75	2.04e+03
1.76	2.04e+03
1.77	2.04e+03
1.78	2.04e+03
1.8	2.04e+03
1.81	2.04e+03
1.82	2.04e+03
1.84	2.04e+03
1.85	2.04e+03
1.86	2.04e+03
1.87	2.04e+03
1.89	2.04e+03
1.9	2.04e+03
1.91	2.04e+03
1.93	2.04e+03
1.94	2.04e+03
1.95	2.04e+03
1.97	2.04e+03
1.98	2.04e+03
1.99	2.04e+03
2.01	2.04e+03
2.02	2.04e+03
2.04	2.04e+03
2.05	2.04e+03
2.06	2.04e+03
2.08	2.04e+03
2.09	2.04e+03
2.11	2.04e+03
2.12	2.04e+03
2.14	2.04e+03
2.15	2.04e+03
2.16	2.05e+03
2.18	2.05e+03
2.19	2.05e+03
2.21	2.05e+03
2.22	2.05e+03
2.24	2.05e+03
2.25	2.05e+03
2.27	2.05e+03
2.28	2.05e+03
2.3	2.05e+03
2.31	2.05e+03
2.33	2.05e+03
2.34	2.05e+03
2.36	2.05e+03
2.38	2.05e+03
2.39	2.05e+03
2.41	2.05e+03
2.42	2.05e+03
2.44	2.05e+03
2.45	2.05e+03
2.47	2.05e+03
2.49	2.05e+03
2.5	2.05e+03
2.52	2.05e+03
2.54	2.05e+03
2.55	2.05e+03
2.57	2.05e+03
2.59	2.05e+03
2.6	2.05e+03
2.62	2.05e+03
2.64	2.05e+03
2.65	2.05e+03
2.67	2.05e+03
2.69	2.05e+03
2.7	2.05e+03
2.72	2.05e+03
2.74	2.05e+03
2.76	2.05e+03
2.77	2.05e+03
2.79	2.05e+03
2.81	2.05e+03
2.83	2.05e+03
2.85	2.05e+03
2.86	2.05e+03
2.88	2.05e+03
2.9	2.05e+03
2.92	2.05e+03
2.94	2.05e+03
2.96	2.05e+03
2.97	2.05e+03
2.99	2.05e+03
3.01	2.05e+03
3.03	2.05e+03
3.05	2.05e+03
3.07	2.05e+03
3.09	2.05e+03
3.11	2.05e+03
3.13	2.05e+03
3.15	2.05e+03
3.17	2.05e+03
3.19	2.05e+03
3.21	2.06e+03
3.23	2.06e+03
3.25	2.06e+03
3.27	2.06e+03
3.29	2.06e+03
3.31	2.06e+03
3.33	2.06e+03
3.35	2.06e+03
3.37	2.06e+03
3.39	2.06e+03
3.41	2.06e+03
3.43	2.06e+03
3.45	2.06e+03
3.47	2.06e+03
3.49	2.06e+03
3.52	2.06e+03
3.54	2.06e+03
3.56	2.06e+03
3.58	2.06e+03
3.6	2.06e+03
3.62	2.06e+03
3.65	2.06e+03
3.67	2.06e+03
3.69	2.06e+03
3.71	2.07e+03
3.74	2.07e+03
3.76	2.07e+03
3.78	2.07e+03
3.8	2.07e+03
3.83	2.08e+03
3.85	2.08e+03
3.87	2.08e+03
3.9	2.08e+03
3.92	2.09e+03
3.94	2.09e+03
3.97	2.09e+03
3.99	2.09e+03
4.02	2.10e+03
4.04	2.10e+03
4.06	2.10e+03
4.09	2.11e+03
4.11	2.11e+03
4.14	2.12e+03
4.16	2.12e+03
4.19	2.12e+03
4.21	2.13e+03
4.24	2.13e+03
4.26	2.14e+03
4.29	2.14e+03
4.31	2.14e+03
4.34	2.15e+03
4.37	2.15e+03
4.39	2.16e+03
4.4	2.12e+03
4.41	2.065e+03
4.42	2.00333e+03
4.43	1.94e+03
4.44	1.885e+03
4.45	1.835e+03
4.46	1.785e+03
4.47	1.735e+03
4.48	1.68e+03
4.49	1.64e+03
4.5	1.615e+03
4.51	1.56e+03
4.52	1.54e+03
4.53	1.51e+03
4.54	1.475e+03
4.55	1.44e+03
4.56	1.41e+03
4.57	1.38e+03
4.58	1.36e+03
4.6	1.33e+03
4.61	1.31e+03
4.62	1.28e+03
4.63	1.25e+03
4.65	1.23e+03
4.66	1.20e+03
4.67	1.18e+03
4.69	1.15e+03
4.7	1.13e+03
4.72	1.10e+03
4.74	1.07e+03
4.75	1.05e+03
4.77	1.02e+03
4.79	9.96e+02
4.81	9.70e+02
4.83	9.45e+02
4.85	9.19e+02
4.87	8.93e+02
4.89	8.67e+02
4.91	8.41e+02
4.93	8.16e+02
4.95	7.90e+02
4.98	7.65e+02
5	7.41e+02
5.03	7.18e+02
5.05	6.94e+02
5.08	6.70e+02
5.11	6.47e+02
5.14	6.23e+02
5.16	6.01e+02
5.19	5.78e+02
5.22	5.57e+02
5.25	5.36e+02
5.28	5.16e+02
5.31	4.96e+02
5.34	4.77e+02
5.36	4.58e+02
5.39	4.40e+02
5.42	4.24e+02
5.45	4.08e+02
5.48	3.92e+02
5.51	3.76e+02
5.54	3.62e+02
5.57	3.47e+02
5.6	3.33e+02
5.62	3.19e+02
5.65	3.06e+02
5.68	2.93e+02
5.71	2.80e+02
5.74	2.67e+02
5.77	2.55e+02
5.8	2.44e+02
5.83	2.32e+02
5.86	2.21e+02
5.89	2.11e+02
5.92	2.00e+02
5.95	1.90e+02
5.97	1.80e+02
6	1.70e+02
6.03	1.61e+02
6.06	1.52e+02
6.09	1.43e+02
6.12	1.34e+02
6.15	1.25e+02
6.18	0
6.21	0
6.24	0
6.27	0
6.3	0
6.33	0
6.36	0
6.39	0
6.42	0
6.45	0
6.48	0
6.51	0
6.54	0
6.57	0
6.6	0
6.62	0
6.65	0
6.68	0
6.71	0
6.74	1.88e+01