0               1.225               340.279
304.8               1.189               339.120
609.6               1.155               337.932
914.4               1.121               336.499
1219.2               1.088               335.585
1524               1.055               334.396
1828.8               1.024               333.207
2133.6               0.993               331.988
2438.4               0.963               330.799
2743.2               0.933               329.611
3048               0.904               328.391